{
  "accessors": [
    {
      "bufferView": 2,
      "componentType": 5126,
      "count": 291,
      "max": [
        20.786651611328125,
        20.470855712890625,
        1.224774956703186
      ],
      "min": [
        -20.786651611328125,
        -20.470857620239258,
        0.0
      ],
      "type": "VEC3"
    },
    {
      "bufferView": 2,
      "byteOffset": 3492,
      "componentType": 5126,
      "count": 291,
      "max": [
        1.0,
        0.9848079681396484,
        1.0
      ],
      "min": [
        -1.0,
        -0.9848079681396484,
        -1.0
      ],
      "type": "VEC3"
    },
    {
      "bufferView": 1,
      "componentType": 5126,
      "count": 291,
      "max": [
        0.9722222089767456,
        1.1633381843566895
      ],
      "min": [
        -0.027777791023254395,
        -0.1633363664150238
      ],
      "type": "VEC2"
    },
    {
      "bufferView": 0,
      "componentType": 5125,
      "count": 1068,
      "type": "SCALAR"
    },
    {
      "bufferView": 2,
      "byteOffset": 6984,
      "componentType": 5126,
      "count": 532,
      "max": [
        1.0917744636535645,
        1.0751880407333374,
        63.13408660888672
      ],
      "min": [
        -1.0917744636535645,
        -1.075188159942627,
        0.0
      ],
      "type": "VEC3"
    },
    {
      "bufferView": 2,
      "byteOffset": 13368,
      "componentType": 5126,
      "count": 532,
      "max": [
        1.0,
        0.9848079085350037,
        1.0
      ],
      "min": [
        -1.0,
        -0.9848079085350037,
        -1.0
      ],
      "type": "VEC3"
    },
    {
      "bufferView": 1,
      "byteOffset": 2328,
      "componentType": 5126,
      "count": 532,
      "max": [
        0.9722222089767456,
        1.0
      ],
      "min": [
        -0.027777791023254395,
        0.0
      ],
      "type": "VEC2"
    },
    {
      "bufferView": 0,
      "byteOffset": 4272,
      "componentType": 5125,
      "count": 2160,
      "type": "SCALAR"
    },
    {
      "bufferView": 2,
      "byteOffset": 19752,
      "componentType": 5126,
      "count": 146,
      "max": [
        10.973974227905273,
        10.807255744934082,
        17.664596557617188
      ],
      "min": [
        -10.973974227905273,
        -10.807255744934082,
        0.0
      ],
      "type": "VEC3"
    },
    {
      "bufferView": 2,
      "byteOffset": 21504,
      "componentType": 5126,
      "count": 146,
      "max": [
        0.9988943338394165,
        0.9837189316749573,
        -0.047011811286211014
      ],
      "min": [
        -0.9988943338394165,
        -0.983718991279602,
        -1.0
      ],
      "type": "VEC3"
    },
    {
      "bufferView": 1,
      "byteOffset": 6584,
      "componentType": 5126,
      "count": 146,
      "max": [
        0.9722222089767456,
        0.3999999761581421
      ],
      "min": [
        -0.027777791023254395,
        -0.018984874710440636
      ],
      "type": "VEC2"
    },
    {
      "bufferView": 0,
      "byteOffset": 12912,
      "componentType": 5125,
      "count": 480,
      "type": "SCALAR"
    },
    {
      "bufferView": 2,
      "byteOffset": 23256,
      "componentType": 5126,
      "count": 57,
      "max": [
        10.973974227905273,
        10.807255744934082,
        35.329193115234375
      ],
      "min": [
        -10.973974227905273,
        -10.807255744934082,
        17.664596557617188
      ],
      "type": "VEC3"
    },
    {
      "bufferView": 2,
      "byteOffset": 23940,
      "componentType": 5126,
      "count": 57,
      "max": [
        1.0,
        0.9848077893257141,
        0.09610048681497574
      ],
      "min": [
        -1.0,
        -0.9848078489303589,
        -0.0470118448138237
      ],
      "type": "VEC3"
    },
    {
      "bufferView": 1,
      "byteOffset": 7752,
      "componentType": 5126,
      "count": 57,
      "max": [
        0.9722222089767456,
        0.7999999523162842
      ],
      "min": [
        -0.027777791023254395,
        0.3999999761581421
      ],
      "type": "VEC2"
    },
    {
      "bufferView": 0,
      "byteOffset": 14832,
      "componentType": 5125,
      "count": 216,
      "type": "SCALAR"
    },
    {
      "bufferView": 2,
      "byteOffset": 24624,
      "componentType": 5126,
      "count": 56,
      "max": [
        10.973974227905273,
        10.807255744934082,
        43.195499420166016
      ],
      "min": [
        -10.973974227905273,
        -10.807255744934082,
        35.329193115234375
      ],
      "type": "VEC3"
    },
    {
      "bufferView": 2,
      "byteOffset": 25296,
      "componentType": 5126,
      "count": 56,
      "max": [
        0.9953716397285461,
        0.9802497625350952,
        1.0
      ],
      "min": [
        -0.9953716397285461,
        -0.98024982213974,
        0.09610042721033096
      ],
      "type": "VEC3"
    },
    {
      "bufferView": 1,
      "byteOffset": 8208,
      "componentType": 5126,
      "count": 56,
      "max": [
        0.9722222089767456,
        1.0
      ],
      "min": [
        -0.027777791023254395,
        0.7999999523162842
      ],
      "type": "VEC2"
    },
    {
      "bufferView": 0,
      "byteOffset": 15696,
      "componentType": 5125,
      "count": 156,
      "type": "SCALAR"
    },
    {
      "bufferView": 2,
      "byteOffset": 25968,
      "componentType": 5126,
      "count": 136,
      "max": [
        12.372720718383789,
        5.114409446716309,
        0.9104281067848206
      ],
      "min": [
        -12.372720718383789,
        -5.114409446716309,
        8.29962664283812e-05
      ],
      "type": "VEC3"
    },
    {
      "bufferView": 2,
      "byteOffset": 27600,
      "componentType": 5126,
      "count": 136,
      "max": [
        0.9376755356788635,
        0.9378746151924133,
        0.9608962535858154
      ],
      "min": [
        -0.9378881454467773,
        -0.937836229801178,
        -0.9603210091590881
      ],
      "type": "VEC3"
    },
    {
      "bufferView": 1,
      "byteOffset": 8656,
      "componentType": 5126,
      "count": 136,
      "max": [
        1.0,
        1.1994751691818237
      ],
      "min": [
        -1.0943040251731873e-08,
        -0.1994321346282959
      ],
      "type": "VEC2"
    },
    {
      "bufferView": 0,
      "byteOffset": 16320,
      "componentType": 5125,
      "count": 420,
      "type": "SCALAR"
    },
    {
      "bufferView": 2,
      "byteOffset": 29232,
      "componentType": 5126,
      "count": 136,
      "max": [
        12.372720718383789,
        5.114409446716309,
        0.9104281067848206
      ],
      "min": [
        -12.372720718383789,
        -5.114409446716309,
        8.29962664283812e-05
      ],
      "type": "VEC3"
    },
    {
      "bufferView": 2,
      "byteOffset": 30864,
      "componentType": 5126,
      "count": 136,
      "max": [
        0.9376755356788635,
        0.9378746151924133,
        0.9608962535858154
      ],
      "min": [
        -0.9378881454467773,
        -0.937836229801178,
        -0.9603210091590881
      ],
      "type": "VEC3"
    },
    {
      "bufferView": 1,
      "byteOffset": 9744,
      "componentType": 5126,
      "count": 136,
      "max": [
        1.0,
        1.1994751691818237
      ],
      "min": [
        -1.0943040251731873e-08,
        -0.1994321346282959
      ],
      "type": "VEC2"
    },
    {
      "bufferView": 0,
      "byteOffset": 18000,
      "componentType": 5125,
      "count": 420,
      "type": "SCALAR"
    },
    {
      "bufferView": 2,
      "byteOffset": 32496,
      "componentType": 5126,
      "count": 136,
      "max": [
        12.372720718383789,
        5.114409446716309,
        0.9104281067848206
      ],
      "min": [
        -12.372720718383789,
        -5.114409446716309,
        8.29962664283812e-05
      ],
      "type": "VEC3"
    },
    {
      "bufferView": 2,
      "byteOffset": 34128,
      "componentType": 5126,
      "count": 136,
      "max": [
        0.9376755356788635,
        0.9378746151924133,
        0.9608962535858154
      ],
      "min": [
        -0.9378881454467773,
        -0.937836229801178,
        -0.9603210091590881
      ],
      "type": "VEC3"
    },
    {
      "bufferView": 1,
      "byteOffset": 10832,
      "componentType": 5126,
      "count": 136,
      "max": [
        1.0,
        1.1994751691818237
      ],
      "min": [
        -1.0943040251731873e-08,
        -0.1994321346282959
      ],
      "type": "VEC2"
    },
    {
      "bufferView": 0,
      "byteOffset": 19680,
      "componentType": 5125,
      "count": 420,
      "type": "SCALAR"
    },
    {
      "bufferView": 2,
      "byteOffset": 35760,
      "componentType": 5126,
      "count": 212,
      "max": [
        1.8342983722686768,
        1.894258975982666,
        3.2355542182922363
      ],
      "min": [
        -1.8342983722686768,
        -1.894258975982666,
        0.0
      ],
      "type": "VEC3"
    },
    {
      "bufferView": 2,
      "byteOffset": 38304,
      "componentType": 5126,
      "count": 212,
      "max": [
        0.9821894764900208,
        0.9821894764900208,
        0.9821893572807312
      ],
      "min": [
        -0.9821894764900208,
        -0.9821894764900208,
        -0.982189416885376
      ],
      "type": "VEC3"
    },
    {
      "bufferView": 1,
      "byteOffset": 11920,
      "componentType": 5126,
      "count": 212,
      "max": [
        1.0,
        1.0
      ],
      "min": [
        0.0,
        0.0
      ],
      "type": "VEC2"
    },
    {
      "bufferView": 0,
      "byteOffset": 21360,
      "componentType": 5125,
      "count": 900,
      "type": "SCALAR"
    },
    {
      "bufferView": 2,
      "byteOffset": 40848,
      "componentType": 5126,
      "count": 212,
      "max": [
        1.8342983722686768,
        1.894258975982666,
        3.2355542182922363
      ],
      "min": [
        -1.8342983722686768,
        -1.894258975982666,
        0.0
      ],
      "type": "VEC3"
    },
    {
      "bufferView": 2,
      "byteOffset": 43392,
      "componentType": 5126,
      "count": 212,
      "max": [
        0.9821894764900208,
        0.9821894764900208,
        0.9821893572807312
      ],
      "min": [
        -0.9821894764900208,
        -0.9821894764900208,
        -0.982189416885376
      ],
      "type": "VEC3"
    },
    {
      "bufferView": 1,
      "byteOffset": 13616,
      "componentType": 5126,
      "count": 212,
      "max": [
        1.0,
        1.0
      ],
      "min": [
        0.0,
        0.0
      ],
      "type": "VEC2"
    },
    {
      "bufferView": 0,
      "byteOffset": 24960,
      "componentType": 5125,
      "count": 900,
      "type": "SCALAR"
    },
    {
      "bufferView": 2,
      "byteOffset": 45936,
      "componentType": 5126,
      "count": 212,
      "max": [
        1.8342983722686768,
        1.894258975982666,
        3.2355542182922363
      ],
      "min": [
        -1.8342983722686768,
        -1.894258975982666,
        0.0
      ],
      "type": "VEC3"
    },
    {
      "bufferView": 2,
      "byteOffset": 48480,
      "componentType": 5126,
      "count": 212,
      "max": [
        0.9821894764900208,
        0.9821894764900208,
        0.9821893572807312
      ],
      "min": [
        -0.9821894764900208,
        -0.9821894764900208,
        -0.982189416885376
      ],
      "type": "VEC3"
    },
    {
      "bufferView": 1,
      "byteOffset": 15312,
      "componentType": 5126,
      "count": 212,
      "max": [
        1.0,
        1.0
      ],
      "min": [
        0.0,
        0.0
      ],
      "type": "VEC2"
    },
    {
      "bufferView": 0,
      "byteOffset": 28560,
      "componentType": 5125,
      "count": 900,
      "type": "SCALAR"
    },
    {
      "bufferView": 2,
      "byteOffset": 51024,
      "componentType": 5126,
      "count": 212,
      "max": [
        1.8342983722686768,
        1.894258975982666,
        3.2355542182922363
      ],
      "min": [
        -1.8342983722686768,
        -1.894258975982666,
        0.0
      ],
      "type": "VEC3"
    },
    {
      "bufferView": 2,
      "byteOffset": 53568,
      "componentType": 5126,
      "count": 212,
      "max": [
        0.9821894764900208,
        0.9821894764900208,
        0.9821893572807312
      ],
      "min": [
        -0.9821894764900208,
        -0.9821894764900208,
        -0.982189416885376
      ],
      "type": "VEC3"
    },
    {
      "bufferView": 1,
      "byteOffset": 17008,
      "componentType": 5126,
      "count": 212,
      "max": [
        1.0,
        1.0
      ],
      "min": [
        0.0,
        0.0
      ],
      "type": "VEC2"
    },
    {
      "bufferView": 0,
      "byteOffset": 32160,
      "componentType": 5125,
      "count": 900,
      "type": "SCALAR"
    },
    {
      "bufferView": 2,
      "byteOffset": 56112,
      "componentType": 5126,
      "count": 558,
      "max": [
        12.42397403717041,
        12.23522663116455,
        44.34378433227539
      ],
      "min": [
        -12.42397403717041,
        -12.235227584838867,
        -1.385067343711853
      ],
      "type": "VEC3"
    },
    {
      "bufferView": 2,
      "byteOffset": 62808,
      "componentType": 5126,
      "count": 558,
      "max": [
        1.0,
        0.9848078489303589,
        1.0
      ],
      "min": [
        -1.0,
        -0.9848078489303589,
        -1.0
      ],
      "type": "VEC3"
    },
    {
      "bufferView": 1,
      "byteOffset": 18704,
      "componentType": 5126,
      "count": 558,
      "max": [
        0.9722222089767456,
        1.0
      ],
      "min": [
        -0.027777791023254395,
        -0.018984874710440636
      ],
      "type": "VEC2"
    },
    {
      "bufferView": 0,
      "byteOffset": 35760,
      "componentType": 5125,
      "count": 2148,
      "type": "SCALAR"
    }
  ],
  "asset": {
    "extras": {
      "author": "carismah (https://sketchfab.com/carismah)",
      "license": "CC-BY-4.0 (http://creativecommons.org/licenses/by/4.0/)",
      "source": "https://sketchfab.com/3d-models/iced-coffee-7f949fd30161462590532d4d43c874a6",
      "title": "iced_coffee"
    },
    "generator": "Sketchfab-15.18.0",
    "version": "2.0"
  },
  "bufferViews": [
    {
      "buffer": 0,
      "byteLength": 44352,
      "name": "floatBufferViews",
      "target": 34963
    },
    {
      "buffer": 0,
      "byteLength": 23168,
      "byteOffset": 44352,
      "byteStride": 8,
      "name": "floatBufferViews",
      "target": 34962
    },
    {
      "buffer": 0,
      "byteLength": 69504,
      "byteOffset": 67520,
      "byteStride": 12,
      "name": "floatBufferViews",
      "target": 34962
    }
  ],
  "buffers": [
    {
      "byteLength": 137024,
      "uri": "scene.bin"
    }
  ],
  "extensionsUsed": [
    "KHR_materials_transmission",
    "KHR_materials_specular"
  ],
  "materials": [
    {
      "doubleSided": true,
      "name": "Untersetzer",
      "pbrMetallicRoughness": {
        "baseColorFactor": [
          0.016016234866916147,
          0.016016234866916147,
          0.016016234866916147,
          1.0
        ],
        "metallicFactor": 0.0,
        "roughnessFactor": 0.5352592229498323
      }
    },
    {
      "alphaMode": "BLEND",
      "doubleSided": true,
      "extensions": {
        "KHR_materials_transmission": {
          "transmissionFactor": 0.7321172066025552
        }
      },
      "name": "Glass",
      "pbrMetallicRoughness": {
        "baseColorFactor": [
          0.0,
          0.0,
          0.0,
          0.2678827933974448
        ],
        "metallicFactor": 0.0,
        "roughnessFactor": 0.6
      }
    },
    {
      "doubleSided": true,
      "extensions": {
        "KHR_materials_specular": {
          "specularColorFactor": [
            1.0,
            1.0,
            1.0
          ],
          "specularFactor": 0.5109522748087062
        }
      },
      "name": "Coffee",
      "pbrMetallicRoughness": {
        "baseColorFactor": [
          0.028971653387449798,
          0.016299960331791343,
          0.008749691521723998,
          1.0
        ],
        "metallicFactor": 0.0,
        "roughnessFactor": 0.6
      }
    },
    {
      "doubleSided": true,
      "name": "Coffee_0",
      "pbrMetallicRoughness": {
        "baseColorFactor": [
          0.455542335130352,
          0.15970526787101214,
          0.05223265195927992,
          1.0
        ],
        "metallicFactor": 0.0,
        "roughnessFactor": 0.6
      }
    },
    {
      "doubleSided": true,
      "name": "Coffee_1",
      "pbrMetallicRoughness": {
        "baseColorFactor": [
          0.9604390217183667,
          0.7667372870195711,
          0.6078099670770992,
          1.0
        ],
        "metallicFactor": 0.0,
        "roughnessFactor": 0.6
      }
    },
    {
      "doubleSided": true,
      "name": "Keks",
      "pbrMetallicRoughness": {
        "baseColorFactor": [
          0.19296547937832165,
          0.06646732828861932,
          0.008169506375094724,
          1.0
        ],
        "metallicFactor": 0.0,
        "roughnessFactor": 0.6
      }
    },
    {
      "alphaMode": "BLEND",
      "extensions": {
        "KHR_materials_transmission": {
          "transmissionFactor": 0.7442706806731183
        }
      },
      "name": "material",
      "pbrMetallicRoughness": {
        "baseColorFactor": [
          0.044138861024899015,
          0.2556728188555447,
          0.36635455407515577,
          0.2557293193268817
        ],
        "metallicFactor": 0.0,
        "roughnessFactor": 0.6
      }
    }
  ],
  "meshes": [
    {
      "name": "Untersetzer_Untersetzer_0",
      "primitives": [
        {
          "attributes": {
            "NORMAL": 1,
            "POSITION": 0,
            "TEXCOORD_0": 2
          },
          "indices": 3,
          "material": 0,
          "mode": 4
        }
      ]
    },
    {
      "name": "Strohhalm_Glass_0",
      "primitives": [
        {
          "attributes": {
            "NORMAL": 5,
            "POSITION": 4,
            "TEXCOORD_0": 6
          },
          "indices": 7,
          "material": 1,
          "mode": 4
        }
      ]
    },
    {
      "name": "Liquid_Coffee_0",
      "primitives": [
        {
          "attributes": {
            "NORMAL": 9,
            "POSITION": 8,
            "TEXCOORD_0": 10
          },
          "indices": 11,
          "material": 2,
          "mode": 4
        }
      ]
    },
    {
      "name": "Liquid_Coffee_0",
      "primitives": [
        {
          "attributes": {
            "NORMAL": 13,
            "POSITION": 12,
            "TEXCOORD_0": 14
          },
          "indices": 15,
          "material": 3,
          "mode": 4
        }
      ]
    },
    {
      "name": "Liquid_Coffee_0",
      "primitives": [
        {
          "attributes": {
            "NORMAL": 17,
            "POSITION": 16,
            "TEXCOORD_0": 18
          },
          "indices": 19,
          "material": 4,
          "mode": 4
        }
      ]
    },
    {
      "name": "Keks 3_Keks_0",
      "primitives": [
        {
          "attributes": {
            "NORMAL": 21,
            "POSITION": 20,
            "TEXCOORD_0": 22
          },
          "indices": 23,
          "material": 5,
          "mode": 4
        }
      ]
    },
    {
      "name": "Keks 2_Keks_0",
      "primitives": [
        {
          "attributes": {
            "NORMAL": 25,
            "POSITION": 24,
            "TEXCOORD_0": 26
          },
          "indices": 27,
          "material": 5,
          "mode": 4
        }
      ]
    },
    {
      "name": "Keks_Keks_0",
      "primitives": [
        {
          "attributes": {
            "NORMAL": 29,
            "POSITION": 28,
            "TEXCOORD_0": 30
          },
          "indices": 31,
          "material": 5,
          "mode": 4
        }
      ]
    },
    {
      "name": "Ice Cube 03_Ice_0",
      "primitives": [
        {
          "attributes": {
            "NORMAL": 33,
            "POSITION": 32,
            "TEXCOORD_0": 34
          },
          "indices": 35,
          "material": 6,
          "mode": 4
        }
      ]
    },
    {
      "name": "Ice Cube 02_Ice_0",
      "primitives": [
        {
          "attributes": {
            "NORMAL": 37,
            "POSITION": 36,
            "TEXCOORD_0": 38
          },
          "indices": 39,
          "material": 6,
          "mode": 4
        }
      ]
    },
    {
      "name": "Ice Cube 01_Ice_0",
      "primitives": [
        {
          "attributes": {
            "NORMAL": 41,
            "POSITION": 40,
            "TEXCOORD_0": 42
          },
          "indices": 43,
          "material": 6,
          "mode": 4
        }
      ]
    },
    {
      "name": "Ice Cube_Ice_0",
      "primitives": [
        {
          "attributes": {
            "NORMAL": 45,
            "POSITION": 44,
            "TEXCOORD_0": 46
          },
          "indices": 47,
          "material": 6,
          "mode": 4
        }
      ]
    },
    {
      "name": "Glas_Glass_0",
      "primitives": [
        {
          "attributes": {
            "NORMAL": 49,
            "POSITION": 48,
            "TEXCOORD_0": 50
          },
          "indices": 51,
          "material": 1,
          "mode": 4
        }
      ]
    }
  ],
  "nodes": [
    {
      "children": [
        1
      ],
      "matrix": [
        1.0,
        0.0,
        0.0,
        0.0,
        0.0,
        2.220446049250313e-16,
        -1.0,
        0.0,
        0.0,
        1.0,
        2.220446049250313e-16,
        0.0,
        0.0,
        0.0,
        0.0,
        1.0
      ],
      "name": "Sketchfab_model"
    },
    {
      "children": [
        2
      ],
      "matrix": [
        0.009999999776482582,
        0.0,
        0.0,
        0.0,
        0.0,
        0.0,
        0.009999999776482582,
        0.0,
        0.0,
        -0.009999999776482582,
        0.0,
        0.0,
        0.0,
        0.0,
        0.0,
        1.0
      ],
      "name": "1d4278337e14418eb37fc3374acb99d4.fbx"
    },
    {
      "children": [
        3,
        5,
        7,
        11,
        13,
        15,
        17,
        19,
        21,
        23,
        25
      ],
      "name": "RootNode"
    },
    {
      "children": [
        4
      ],
      "matrix": [
        0.73929898239136,
        5.551115123125783e-17,
        0.6733773196619408,
        0.0,
        0.6733773196619408,
        -2.220446049250313e-16,
        -0.73929898239136,
        0.0,
        5.551115123125783e-17,
        1.0,
        -2.220446049250313e-16,
        0.0,
        -0.5597658157348633,
        0.0,
        -31.169546127319336,
        1.0
      ],
      "name": "Untersetzer"
    },
    {
      "mesh": 0,
      "name": "Untersetzer_Untersetzer_0"
    },
    {
      "children": [
        6
      ],
      "matrix": [
        0.73929898239136,
        -7.4505804303903744e-09,
        0.6733773196619408,
        0.0,
        0.6470527304660674,
        0.2768726316727427,
        -0.7103972901320899,
        0.0,
        -0.18643974531066715,
        0.9609066270094144,
        0.20469165966859493,
        0.0,
        2.2576799392700195,
        4.192768096923828,
        -33.68027877807617,
        1.0
      ],
      "name": "Strohhalm"
    },
    {
      "mesh": 1,
      "name": "Strohhalm_Glass_0"
    },
    {
      "children": [
        8,
        9,
        10
      ],
      "matrix": [
        0.739298868991824,
        5.551115123125783e-17,
        0.6733774441629374,
        0.0,
        0.6733774441629374,
        -2.220446049250313e-16,
        -0.7392988689918241,
        0.0,
        5.551115123125783e-17,
        1.0000000000000002,
        -2.220446049250313e-16,
        0.0,
        -0.49201083183288574,
        3.9392075538635254,
        -30.370410919189453,
        1.0
      ],
      "name": "Liquid"
    },
    {
      "mesh": 2,
      "name": "Liquid_Coffee_0"
    },
    {
      "mesh": 3,
      "name": "Liquid_Coffee_0"
    },
    {
      "mesh": 4,
      "name": "Liquid_Coffee_0"
    },
    {
      "children": [
        12
      ],
      "matrix": [
        -0.03696426431861943,
        -5.551115123125783e-17,
        0.9993165880557489,
        0.0,
        0.9993165880557489,
        0.0,
        0.03696426431861949,
        0.0,
        1.6653345369377348e-16,
        1.0,
        1.1102230246251565e-16,
        0.0,
        -32.298133850097656,
        0.0,
        -34.49212646484375,
        1.0
      ],
      "name": "Keks 3"
    },
    {
      "mesh": 5,
      "name": "Keks 3_Keks_0"
    },
    {
      "children": [
        14
      ],
      "matrix": [
        0.736782235314482,
        -0.08244470233282636,
        0.6710847999934488,
        0.0,
        0.6733772186731168,
        1.1175871006408045e-08,
        -0.7392990743752201,
        0.0,
        0.060951284621841906,
        0.9965956406974956,
        0.05551639258539487,
        0.0,
        20.777780532836914,
        0.7804460525512695,
        -18.49546241760254,
        1.0
      ],
      "name": "Keks 2"
    },
    {
      "mesh": 6,
      "name": "Keks 2_Keks_0"
    },
    {
      "children": [
        16
      ],
      "matrix": [
        0.04413945855495005,
        -0.11571328779186235,
        0.992301437682559,
        0.0,
        0.998654483036719,
        0.03217383909112237,
        -0.04067022976087292,
        0.0,
        -0.027220060785006994,
        0.9927614411864192,
        0.11697772943737761,
        0.0,
        16.40403175354004,
        1.3689613342285156,
        -12.717815399169922,
        1.0
      ],
      "name": "Keks"
    },
    {
      "mesh": 7,
      "name": "Keks_Keks_0"
    },
    {
      "children": [
        18
      ],
      "matrix": [
        0.8055558120574475,
        0.48605198908689706,
        0.33887062068750823,
        0.0,
        0.38775490502706067,
        3.7252903650752955e-08,
        -0.9217625147658445,
        0.0,
        -0.44802451639159363,
        0.8739298964474608,
        -0.18846901285731077,
        0.0,
        3.5316450595855713,
        44.94001388549805,
        -32.75567626953125,
        1.0
      ],
      "name": "Ice Cube 03"
    },
    {
      "mesh": 8,
      "name": "Ice Cube 03_Ice_0"
    },
    {
      "children": [
        20
      ],
      "matrix": [
        0.048726460086685575,
        -0.35152956172666056,
        0.9349078560583832,
        0.0,
        0.9372370972511166,
        -0.3074732513174221,
        -0.16445918417830763,
        0.0,
        0.34527142312059617,
        0.884243839083177,
        0.3144844629226108,
        0.0,
        -4.74296236038208,
        44.94001388549805,
        -35.61911392211914,
        1.0
      ],
      "name": "Ice Cube 02"
    },
    {
      "mesh": 9,
      "name": "Ice Cube 02_Ice_0"
    },
    {
      "children": [
        22
      ],
      "matrix": [
        0.21991528664983406,
        0.4860518799630009,
        0.8458078012658394,
        0.0,
        0.9678210372716343,
        2.9802319723160053e-08,
        -0.25163950368425236,
        0.0,
        -0.12230987904572183,
        0.8739299571386895,
        -0.47041122807963376,
        0.0,
        0.05734586715698242,
        44.94001388549805,
        -28.941251754760742,
        1.0
      ],
      "name": "Ice Cube 01"
    },
    {
      "mesh": 10,
      "name": "Ice Cube 01_Ice_0"
    },
    {
      "children": [
        24
      ],
      "matrix": [
        0.048726460086685575,
        -0.35152956172666056,
        0.9349078560583832,
        0.0,
        0.9372370972511166,
        -0.3074732513174221,
        -0.16445918417830763,
        0.0,
        0.34527142312059617,
        0.884243839083177,
        0.3144844629226108,
        0.0,
        -0.5864219665527344,
        44.94001388549805,
        -25.283056259155273,
        1.0
      ],
      "name": "Ice Cube"
    },
    {
      "mesh": 11,
      "name": "Ice Cube_Ice_0"
    },
    {
      "children": [
        26
      ],
      "matrix": [
        0.739298868991824,
        5.551115123125783e-17,
        0.6733774441629374,
        0.0,
        0.6733774441629374,
        -2.220446049250313e-16,
        -0.7392988689918241,
        0.0,
        5.551115123125783e-17,
        1.0000000000000002,
        -2.220446049250313e-16,
        0.0,
        -0.49201083183288574,
        3.9392075538635254,
        -30.370410919189453,
        1.0
      ],
      "name": "Glas"
    },
    {
      "mesh": 12,
      "name": "Glas_Glass_0"
    }
  ],
  "scene": 0,
  "scenes": [
    {
      "name": "Sketchfab_Scene",
      "nodes": [
        0
      ]
    }
  ]
}
